7130110 ,18010101 107001

--ι--ι-ι-

1012 1⁸¹ 212 20 33” 82
202 38 12 80 0 10
303 01 01 28 30 21
18 12 88 88 12 32
118 30 107 27 10 10
217 18 128 87 18 18
310 0 100 28 01 00
00 21 171 88 20 1
101 12 103 20 08 12
203 0 211 00 31 20
220 0 80 01 2 10
100 0 281 18 31 0
, 02 0 13012 820
28 0 301 37 38 10
318 0 20033 8 0
281 0 01 28 30 20
181 0 270 21 10 10
117 0 131 10 12 0
00 0 310 18 13 20
100 0 338 30 28 10
100 0 327 10 10 0
200 0 317 0 83 20
200 0 308 18 8 10
300 0 200 31 20 0
300 0 281 18 33 20
10 0 271 1 18 10
00 0 20317 0 0
110 0 202 32 13 20

Tempori nutem buius correctionis, quod, nt ex praecedenti· ι

bus calculis deducitur, in exitu tannarii 1110131111, 1111111101
est constructio sequentis 1111111110, qnae retinet nnn (811111111-
tates praecedentium Tabularumt} D, pro (2) 110) praenetensium
n nobis inpunitatis, 11 pro (0111, quae s Gniilneo circs istud
tempus in nsum sonntne cognoscuntur, ut exsequentibus calculis:

(0000

210210 0020 200211Ι 130212
080 18 303 81 180 13 01 20

tntu.» » » ι 11(11ηι.1η111111111111111111
ets. stc.

Ex cnioubs subsequentibus, qnos proptio loco reseremus, cot·

2iglituisse¹tgnm quomodo Gniiineus bac Tabula usus inscitusque sd 16
nn :

1111111111, 11111 1011111 ts (11111111)

<bunut

181⁰5t' 8020 3112 w 3102181
11111.1818,1)1011810100 180 (10111188) 73 31 181 0 8010 270 21
11031 2171830127 12887

’10181 80031110 31018
10 n 11 n n »108(1811.101)3071811702018113100

11111 1111 1111 111 stt
etc. etc.

N

 

