11111111111111111111 11. 1613 2111

1111111 dio 13, 11. 1 111111.,16111 11. 16 1 mer. (61. 1111 temo)
111111 1111111161.

76. 61 1616 61112 276. 21
202. 36 166. 211 12. 16

211. 62 11. 611 6. 16

21 111 1

210 216 216

166. 61 267. 66 221. 6 66..11

——

111111 1111 1111
11111 11111 1111 11. 3ο

...611 6111.
111111111111111,1111111111111111111111111

-ι-ᾴ

111111. 11. 1 111 supra.
16611 67. 67 11. 31 61. 11

11116)

111 11 766

Ι11116,11. 1 111 111111.
21117 161116 11116 7111

866 6.161)2(.ῦ66ῷ

Die 16, 6. 1 11111, 11111111 hon. 111 mer.

66. 26
1. 17
166. 61
6. 16

36. 6

—

266. 61 212. 12
ΘΜΘὶῳΗ 11616

Q) ..111

(11 llaec 161111111ῑί1 1111111111 cum 11111111 111111, diei 1 1111111111, 1 nm
111 111111 p. 111.

 

