161 1111611 11 mammas 11. 1613

Aprilis 1116 13, 11. 1 10666.,11111661111. 1331 mer,
Dies 1111111166 101.

181. 04 00.0 34110 341110
46. 00 202. 30 100. 20 ⁴2· 09
09. 20 211. 32 14. 30

4. 48 2. 20

106. 04 “

Die 1311. 1 ab 666.

96. 30 188. 01 331. 20 100. 02
203. 00 101. 33 00. 27 21. 41

..a—--ssm——u—

300. 30 200. 24 21. 47 127. 33
6 5 6. 6)..

affl

1111· 11,11. 1 111 occ.
111. 31 31.οἹ 7214 11014

66 666

1520 113⁰ 005310
11, 13111 (3⁸)OE (DQ) (29
1315 1230 1300605

0661666116Θ6161) 11611 1111111. 3311 ab 6661 61 tuno (o (instabat 1 16111
616616161611111 33111611 0..ssss

111613,11.11116661011131116

111, 11 11. 11 1111 11611
16611 161. 11 1611 11. 11
mmm, 1111111116

61666

11. 11 11116
experientia longe 111161 ostendit, 11611166 11. 130 Θ et& 661116661116616,

 

