1111111 111111111111111. 1617
1111111111 111, 11. e 1 mer. (61.111)

616 66.6 66616 666.11
616. 66 61,66 666166 166.16

676. 661 168. 16 6611 67616

,11

11 111,111111111111111.11;111111111111111111111111.
11. 111, 1) 1111111 1 emero 111-11111 rme mmm 111111 111.

Diomedeae.

116.66 67616 77.6 661. 66

- Q

n·

666. 66 11. 11 ssMB 616. 61

11. ,16 11. 11

11. Mo, (¹) 1111111111 Mo.
11. 661, Θ 1111111 1111111111, (11111111 6161 111111 retrahendus 11111111 1,

111161, 11. 6 1 mer.

1671 116. 66 17766 66116
Q ἔξω 191

11. 111, Θ et (1) erant eonjuneu, 111 111111111661111111111116. 111 1111
(r) retrahendus 11611111 1, 11 (16 116.

811111611161116111111.
16111 21166 161111 16617

16111.

11. 1116, Θ (1111111111 1111111 11 11111 1111161161 1116.
11. 1, 1) armatarum, 111111111111111111 1111111111 1-

 

