11111111 111111111111. 1619 331

Septembris 111 11, h. 8.1 mor. (0111111191) (1)
111111 1111111 381.

181. 0 11811 311. 11 188. 7
73. 0 111. 11 11. 1 171. 11
⁹3. u 11. 11 101. 18 ·81. 18
17, 11 33. 11 11. 11 7. 10
181. 11 31113 111. 11 131. 31

1180

11111 8.31,(ῡ 11 (3) eraut conjuncti. 1111111) retrahendus videtur 1111.
11.8.11,Θ1111111)11111111111111] 1111111111111111111111111111111.

Die 111, h. 8 ’1 mer.

11. 111 101. 18 37. 11 238. 10
11 <D 11

f 131 115

Haec conjunctio [1111111911.
11111111811111.
288. 18 206. 118 88. 8 259. 113

Q> 1111.

1310

111111.1.811111.
111. 11 111. 11 111. 11 maa

3029& 8 1111

x--—----—-——-———-—-——-

(1111111111111111 nescibas retentis, utitur 1111111, pro 1111111111 11-
11111111 11111111, ’111111 wlmarus.

 

