uiuum 10010000 norun!
T i B u ui c (1).

(Pur. ιν, cod. vi, chari. 2³ tergo) (2).

mun

10 1ο 24’ W 0ο 42 11”
20 2 40 30 1 24 22
30 4 14 10 2 0 32
40 0 30 2 2 40 43
00 7 3 17 3 30 00

10 07 0
20 20 30
33 04 11
42 22 44
00 01 17
00 10 00
07 40 22
70 10 00
04 40 20
03 14 1

..— Α

2032 20 0” 101010 0” 00010 20” 21ο 20 40·
40 00 17 202 20 0 1003041 42 00 30
200 10 20 303 42 0 10040 2 04 20 10 ;
03 4034 4400 0 201123 0000 1Ἰ
207 043 140 10 0 2011044 107 20 40
140 30 02 247 24 0 30132 4 120 00 31
343 00 0 340 30 0 3014720 1002017
107 21 0 00 02 0 42 240 17100 2
30 4010 101 0 0 0210 7 103 27 47
234 11 20 202 20 0 1423320 214 07 32 ³
100 22 02 224 40 0 200 000 00 00 4
342 3410 107 0 0 074024 204 02 37
210 40 44 00 20 0 2101302 13000 0
00 0711 21 40 0 3024720 304 47 41
320 037 314 0 0 1302040 2004013
100 20 4 24020 0 2770410 04 42 40
73 31 30 170 40 0 00 2744 2704010
307 42 00 111 0 0 203 112 134 37 00
100 101 04 22 43 20 0 3403440 3403022
200 3 40 40 00 40 0 331 020 330 10 44 ’
300 100 43 7 130 0 0 310400 320 40 0
400 7 37 20 173 20 0 3021040 310 21 20
000 100 3102 21040 0 2070120 3070000

 

 

(i) ilaec Tabula, mauu Auctoris. adnotatu litera 7, citatur interdum hoe
siguo iu Codice Observationum.

(2) Lector nitendut denuo, sibique caveai, ue contundatur incitationibus
chartarum hurum Codicum minuatim positis: quod necessario accidit ex inor·

uigiuct'ubieurumcunieciiouffi sicuti jum dicium est, ei passim opportunis locis
in mus.

 

