1111111 11 1111111111111. 1611 808

Septembris 111 11, 11. 1 1 mer. (0011011111)
0111 1 Rodien 111.

8. 48 808 88818 888. 44
884. 48 “ 811. 48 184.18 800. 88

88. 41 148. 18 800. 88 88. 88
88. 80 88. 88 14. 88 8. 18
840. 84 808. 80 188. 88 188. 84
11. 0 11. 0 11. 0 11. 0

-ῇ-ῂ-

111.1 111. 11 111. 11 111. 11
111. 111. 1111.

-Ἦ-

111.1 11.10,111.11 1011
1 111 Q

8080 8115088015
11. 010, Q distabat 1 Q 1, 11 Q 1 Q 1. 111111101111111, respondent.

111111, 11. 1 1 mer.
81888 ww 80888 ww

Q Q 11

4 w

11. 0 11, occidentales 11111111 1111110111 011111111111111 lovis 010
11111 010, ex occasu distabat 111.

Μ

0111011111111.
1100 18089 88811 11010

11111

111 1111
nora 011, Q (11111011 ³: ex quo retrahendus 1.

ι--ιο-ι

1111 11, h. 1 1 mor.

111 11. 19 31011 131. 1
1 1 Q 1
1111 111 11.-11
11111 debile correcta, (11111111 tenebris distans 111.

ξς...- -ν--ι--υ- -— ——.--- -——··—-

01111, 0111111.
10084 18010 811041 11033

. ,1 Θ (1
,111 ..11 111111

flora 014, 1111111111111111 Q} (3)

11111 110, 01111111111110,11 distabant 1101 1111111 lovis. 11111 1,(1)
lovem 1111111111- 11111 Q 1111111101 1101111 010, Q 1111 080

 

