CALCULI ΕΤ EPHEMERIDES

11. 1010 (0

-ο-

11001111 1110 11, 1111 mer. ((31. 331 11190)

111111 1111111 130.

11011 11131 113. 7 111, 11
111. 1 11111 11· 11 111. 11

13113 21. 5 10. 28 1, 111
131113 317. 13 121 11 331135

11. 101 101. 11 111. 11; 101. 11
0 01110

(1.1’1 m 3 215

110113.10,(30111111111; (311101. 10, 11 3311110. 13. 110116. 36, Θ
1111)(1111111101111111101111 0.11; (1) 1110 1 110110 10111 3. 11011 1, [1]
medius 1111 10111 Θ 11 Iovem.

ffl-

11110. h. 5 111111.
²21. 31 333. 12 233. 33 ¹ 133. 31

&m 00

333 1 3 1311

111110111111111.
61. 13 33. 0 233. 31 306. 31

„Q (111 0 0

im 133

11011 6. 36, (4) 11 Q) 10110111 conjuncti, 11101110) 1111 0011011Ιί01
quam (D 0111 111111 0001111110. 111113) promovendus videtur 11113.
Θ 11 bene 1110010111.

(1) 111 primi calculi 111. 1013, qui 11111111 diem 13 1111111111 perducun-
101, 1111111011 10111 *pn 1111111 praecedentium, 11011101 1110 11100111111110

auctis, 1111111101 11 comparatione 1101111 primi 1111011100111010 {mece-
11111111 Decembris.

⁴2

 

