211 1111111111 mammons 111. 1613

Martii 1111 1, 11. 1111111, quae 111 h. 131 1 mer. (131. 111 111111 )
111111 11111111· m.

325. 3 313. 0 13130
9311 111. 12 301). 113

⁸75. 2⁴ 363. 31

213. 37 0. 17

5979333311

(11111)

530 11311

011111111111111 erant conjuncti.

——-——--- - ——w-—0

Die 1, h. 1111111111

371131 2313 ²1³. 37 1111
ww 101.18 1111 1111

η-*ψ

121. 1111 322¹ 311351 ,1117

111111111111111111
32121 133. 33 3113 1311

iga ⁶3)ss Θ (3) 3333

.-ψ-ω- -..μ

Die 8. 11. 2 ut supra

11111 1111111111 1111
11111 11111 1111 1111

——n———n———h———q

11111 111111 1111 1111

11111

110 1 m

11111, 111111 supra
1111 33113 31. 33 31111

11 ..113 1

31311

 

