30⁴2 . 1111111111111111111111. 1617

Septembris 011 13, h. 71 mer. (01.111)

1111111110111 m.

3. 13 03. 0 338. 10 333. 11
30. 37 31. 13 331. 33 331. 33
133. 3³) 317. 18 301. 37 138. 37

331. 13 3137 110.13 337. 30

<Q Θ311. ..1.

130

11. 030, Θ 0111111113.30,11 11. 330 01111311 1.33. 1111111111·Μο1111101111“3.

11111111711111.
13717 33. 33 100. 31 373. 33

11. 31.. Q
flora 1113, Θ (111110111ωο30.

nie 11. humer.
11111 11111 11111 1111

11011. 11. ,3.
Responderunt. 11101 1111131131 supra 1111111

nie 13, h. 7 1 mer.
21113 133. 37 1. 13 3. w

11Θ1

Mi 2³5 330

11111111711111.
0311 33310 331 17. 13

¹139!AE g Θ 713
liora 030, ᾧ) 11111311 1 Θ 033 tantum. 11 11111) 1111 1111111111.

—--—-—--———-—·—--—---—-.-.. ,s
111110, 117 1 mer.

30311 33311 10313 11137

3 11 ᾧ11111.

ιι. 111, Q 1 1) umnam 1111111 m. 111 (1) 1111111111

 

