3113111131 3133111133111. 1618

5313331313 11, 3. 8 111131. (ch. 10311113)
11131 1 11111133 310.

111 11113 1131311313

2Ξῗὴέ 2060 112 26 21660

67.18 33.16 1616 7.10
310. 31 286. 20 183. 26

618 618 618 618

686. 61 111616 703. 61
360. 1080. 360. 720.

μ -ῑ-

31111 11. 111 313111 111. 11

1 (1311111.

imo

3311111113313313113 ᾧ φ ἳ) -

11133 1311133331 11333131 3131311.

1113 11, 11. 1 11331.

111. 11 13111 31. 11 111. 13

3111111. 8³⁸&

11311 11110, Θ 11 Θ 1331331 333133311,3113 33313330333 mediam 3333
3111131 sedem 13131 Θ 31 circumferentium 13111 11311 011 Θ tangebat 13
vem. 031311 congruunt 3331 correctione superiori.

1113 11, 11. 013131.

13.7 23817 8618 178. 23
1955 ΙφίθΘ Θ

7.30

1113 11, 11. 0 1 1331.

21616 31018 13616 200.6

111 (3 1111 31
At 11. 1.13,31311311313111Θ; 1111111111 131313 11101 Θ 31 Θ 1313 dm·
0131111 13111331 1. 11311 9, Θ 31 Θ 1331331 3311133311. 11311 0111 itm 331

1111 3113131 1111110131 ad 13113313 010. 11131131 vide rationem 3013 mun
pro 1110 dle.

 

