11 01111111 3111

1101010111 oo’oro ooo 10100011 00110 11011000 100070, 00110.
1111010 00101000 1 01101111 primi 0010111000110101101 60, 11 oui
111110011οό1,561,020,01101111110 1101 primo 11010010 2801130,
111 110 26, 0110 sono 1111111111 1111101, 00 avanzo 2703841 001
1100111 01101110 1 100οο111 100111111000110111 oure 1101 60,11 11111
11101101100160123010, 0110 1111110 poro 1101 1’ 1110110 110111-
toro 00 1001101100 1000 11110011 0000001, 00 avanzo 11101881
11 111010 mono 0101011110οω 01 011010 por 60, 0 11 1111100110
1011110 11111 0100011100 1101111010, oi 1111 11 10101111 10111, oon
1010110 0120116061 0110 multiplicato 11111· 10011110 1101 60,
0111111011 1110110110 1101 10 1000011100 110111101001111101101·
0011 1100111 Ι111011 0111111010. E ooo 101 ordino-ui trovoramo
11011001 11111 minuto, 1100010 00 110001001101101110 1101111
quoto 1101110110 1111110 011000 1100110 1111010 operatione
11101001 1111111111 pa 0100 1001100100 10 0010111000 10111110·
1011111100110110 0111010010010110111111010 10110 01 1011 110110.

8101110111 10 101· 10000 11 1010 0110101010 001 1001110,10111ο
0110 011111000001111111111000 0011001 001 0001111011 o 80·
110010,100 10001010 1110110 0110 1011011011000110 divisione
001 tempo. 110110 0101 011110 10100 001 0110010010 10 90
110111 0111011, 011010 10 6011110110 001 80110010, 11111111 1100

11100010 1111100110 10 1111110 111 11111100 0100101010, 10110 ¹

11010110 ο 01 01110 01010110111110, intorno 0110111101 101-
1110110 11 10110 0110110000 11110 101111 cordo 00 00101010 1101
111111101000100011011111100, 1010 beno ohe 10 corda 110
oo 010 d'oro 111010 111110111111111110 1101110. 0110110, 0110110
1111010001Ιο 0100101010 1011110110, 10 modo 0110 10 11101111
11 1011000 10010000, noo 1 01101110 :loono 0110 111110 10 1110110
001011101000101110110 01110010 10111 diviso 10 1101110010
1111111010 od 1100011100. 0101101111 duoque 00101 1110100110, 0
111 11110 1’ 1111001011 110110 multitudine 0000 1110110 1111 1110

11011 lm, 11110010 0111110110 1 10 1001111110οΙ 0011000001
1100110 0001110010 o 80110010. 00000οο111 poi 1111111010 1011
diviso. 0111 00 0111111111 nostro 1111011110 0 11101111010011000

 

