190 1111111 1111111111111111. 1611
1111111111 1, h. 1 ab occ.

11. 1 111 11. 5 11. 1
31111 111111 1111118 2611.ῢο

1 1 111

11 motu (a) (1111111111 videntur gr. 20.

—-ae-—-

1111111. 1111011.

111 111 111 111
11111 11111 1911. 11 mo

1 1111

Februarii 111 11, h. 13011111. (01. 11) (1)

maa 11111 meo 11111
1111111111 111. 11 11. 11
11. 11 1. 11 1. 11 1. 11
1. 11 11 11 11
111. θ’ 111. 11 111. o 11. 11

1111 1

me 11, h. 1 ab occ.

22. 1 22. ³ 22. 5 22. 8

11111

Die 11, h. 1 ab oco.

25.³ 111 111 111

11111 1

1 ms &36

(11Αᾶ111111 pro ’1111111111 N. 1, e. 1.

 

