378 3333131311 131333313333

331131313313313 33313 1Ἀ 1133331111 13113 GD; e 311 33·
13333 per 33331313 13 F G. E 1333113313 13 F G esser 11
diametro 13113 potenza 313133, 3131. 13113 3331113, 13 331
3133133111 ei 13313311 11313, meroe delle tre 11333 3313 C 11,
C E, E F. 1333133311 qual 31333311333 113 131111311311 F,
13131113131111311311111.

OPERAZIONE SECONDA

13131313, 3 333 3331133 11113331311133313 11 113313113
(13113 3133313 3331113, 33333 31 333 3331311333 13313 3111
ammiranda e da 3311313131, 33331313333313333133333331·
zioni sopra 31313 11333313311, 3 33113 33311 13111 1 3333311
astronomi si 3333 3113313311; 3 questa ὁ 333 333111331313
3113333 131 diametri dei 1133111 13113 313113, 13313 11333
quanto erranti, 1 quali sono 31311 3131311 313113 3 313113
13113 33331331 11 quello 3113 3331133313 sono: 3 veramente
troppo ὸ 31313 333333 13333313313 11331313,3113113333 313-
113313, 33313 31 dice 3 3331113, 11 113313113, 3. 3., 131 Cane
311 Venere 3311331313 3 133 3 113 1313311 311131, 31311·
33313 1311 3133111133 13 3331133113 313313333 3311333311ῑὲ
13113 33113, quando 13 33331131333 (131 133313333311311 33313
eremo 33113 3133313111 (131 3313 3313133113 13113 3131131
come 331 13333333 comprendere 13113331331313 3111 13113
1133111311 giorno 333 33313 1333313111 11 33 31333 11 311-
3113,313313(1331313 33313 1333 11 1331333133 131 5313
grande 33133 333 3333 11333313. 113 3333133313 31 33133131

1311313 13111333311333333313 equanto 313 1333313, 3 331
N

(1) 3 13 3131111 333131133131113131313113131313113331 (13113 3331113, per·
1 3111 3333313313 311 3333111 3113113 11333113 3333 31113 31333 133111, 311
r o meno 3333 333313 31 313111333; 33111 13 33313333131133313 che 31 ricer-
.› 31113311 3333333113131 311331333313313113 13131333313333 3331113 r.

11333313 333 33131331313313131 1111113133331113133311 1313 3331131113
3113113313 331111 sue meno: (131313 33311113 13 [331 33313 (113113 31333 nel·
1311313313.

 

