01 1111110 3711

1111101111 1111111110 11 111111101111 511111. E 01110 per ,
οω11111011111111,111110 pendere 11 qualche notabile 11·
111111111100111110111, 1. 1., 11111110, ed 1101110 prepa-
11111 111 00111,1111 111111 possa 11111 liberamento 1000·
111111 111100111111, 1111 quello 0111 opera appreosandosegli
11111111 111111 [11101111111111 0011111 11 Stella in guina
11111111 1110111110 10001110 1101111 0 1111111111, 11101111
1111111111111111111101110110011 qualche 11111 111 11100 ri·
111101111011 10110 un segno 1111 1110101011 1 11110 1’ 00·
01110111110111111, 11 un altro nel luogo 11111 00111 (1111
110 incontra 0111 111110) 11 1111111111 poi 0010011011111111111-
11111111111111111111 11 1111111110 11111 10111, 0 pure ( 1 1111 11
1111111111111111111 1111 00111 0011111111 11111 11111111
»mi ungutih 1 11 1111111011111 1111111111.11111111111 1111111-
111 0411111111011111 11111011 0111 1111111 possano. Impe-
1010111 11111 11100οη1011 11 questi 1111 1111111111, 1 11111
11011- 1 'ninum 1111111111 111 11 luogo 11111 00111 1 11 pu-
1111111101011110 il 1110 [1111110111 00101110 11111111, li quali
1111111111 111 111111111011111 1111111 0111111110 per 1 termini
1111111111011111 001111 11 011 11111110 1111111110 0011 una
1111111101 figura. -

·· 111111111101111111111 111 EF (11111110111011, 11

011 1111111111] 11000101 11 1111111110 Α 1111111 810111 1111 ’

0111111111οαί 1111111011.1]0111111100000110 1111 11111111,

10,11111’1111111.1111111111111111110101 1111,11 El 11- ,

1111111111 1111111111111110001111111111001111111111]
11161 111 11 1 11011, 11101110 11001110111 diametro 11111
01111 101111 11 1111111111 11111 papium ὀ 1011 mimante
1111 (1 11,Ι 11111110 11 1111111110 10111 001111 11011 1 1111111-
nanto 11 G, 1111111111 111 10001110 1 11 001111 adunque 11101110
’ 11 lamma (111, 1011111111111110 noto 1111111110 11111
corda 11111111 11111010 G, 1 per oonsagmma 11 11111111 11
1110, 0101 11 1111111110 111 11111101111111110111111110111111011
1111111111 ΙΙ.

 

