· 1111111 11 1111111111111. 1613 223

Aprilis 1111 7, h. 1 11111111.

13335 51.ss 720 33131
203.ὔῖ 101. 31 3023 21.12

1 1 ,11

im 731 1

Die 8, h. 1 ab occ.

0. 32 132. 31 123. 36 19. 13
= 23. 16 11. 3 6. 37 3. 0

Mo 31.

111 111. 11 11111 1111
1111 1111111 111
Ἦ 11111 W 1111

m———ffl

111 1, 1. 1 11111111. 111)

1111 11111 111. 11 1111
11111111111111 1111
11111 111. 1 111.1““11.”11“

(mo)

1515 111 1
11. 020, (1) aberat 1 11111 peripheria 010.

1111 10, h. 1 ab occ.

1313 311112 231132 32. 37
203. 117 101. 31 time 21.12

NJ& 1

110 212 11110

111111111111011.
21213 8116 2810 8119

ῳ ᾧ 5121) 133

 

