1111111111 nummus 11. 1010 800

11111 db 8, 11. 0 a 11111. (ck. 100)

0111 a 1111111 111.

181. 01 00. 0 311. 10 318. 10
307. 13 117. 0 201. 01 101. 20
203. 20 101. 18 00. 11

111. 11 111. 11 111. 11 111. 11
111. 111. 1111. .
111. 11 111. 11 11. 11 111. 11
11).. 18. Q 11. 11.

01110, h. 1111111.
0110 000. 01 1001 10. 00

11 ..1 Q 10

00.,1001111111111111111111111.10;11. 110 1111111111 tangebat.
uqnooetrahendusvldeturssrmo =

men, 11811011.
101. 07 87.18 108. 20 31.10

11).. 18. 1181188

0111111. 8011101.
30010 188.17 80018 00. 00

(59100.

Dio 10, h. 01 mor.
001. 17 00010 20813 77 80

80100 ωφω 7110 1010
ΙΙ. 030 Θο11110111.10,1011..10

nie 11, h. 0111111.
10. 00 1010 008. 07 8010

0018) .0.

1111110111111111111 morunt 1111

03 930 ᾧ

01111,11..111111
010. 07 11011 0.1 100. 00

{DQ-³53,

 

