111 1111111 11 1111111111111. 1611
1111111111 ¹1, 11. 1 11111111.

1131187 611. Η 1111 1111

¹³3¹&on ᾧ Α 915
111111111111111111111.

*—

Die 11, h. 1 111111.

111 11111 11111 1111
P P 111 119·

11. 111 Θ 111111 1.

ψ

11111, h. 1, ab 111., 1111111111. 11111111. (0111711111)
1111111111111 1111.

Ι111. 11 1111 11111 11111
1111 1111 1111 11111
11111 111. 11 111. 11 111. 11
1111 111 1111 1. u
111 111 1. 11 1. 11

w

111. 11 111. 1 111. 111 111. 1

111. 111.
111. 11 111. 1 111111 11. 1

1191 ⁴ 3⁵& 191 1

1111 1111111111 distabat 2³0: 111111111111111111;11111111 111111·
dunt 11111 superiores ohservationes.

mmmmm
11111111 117 11111 91113

11111) 1

ms wo {mo ·

1111 11, h. 1111111

3111 111111 111. 1ο 11111
P. 1111. P
1111 hora, (1) (11111111 1111, neu 111111 110.

 

