910 mcum 111 autumnus 111. 1611

Augusti 1110 10, 11110000, quse 011 h. 7. 501 mer. ((1. 1011)
11101 a 11111100 505.

950. 0 980. 19

909. 1 91919 1039. 97

110. 1, 11010, 11111 113. 2

,(1.9 0.. ,3.

1110900100000.
35911 300. 97 9. 99 301. 95

Θ 191 511

——d

11109111110000.
19591 11. 35 59. 37 39518

..0. 0 Q ,3.

11109911. 110000.
31131 11913 10919 3110

15550 555 5150 ᾧ 5411
10100101 correctionibus respondent opusne.

1110 93, 11110 000.
91111 913. 51 15917 1191

(M) ΘΘ

035 1135 Θ 1.18 5

1110 91, 11115011.
01. 51 ,31150 909. 59 9017

11 111 Q&

 

