insutis 88010888 nortio!

1111111111. ’

(811. iv, Cori. Vi, chart. 87 tergo i.

0 1 fl
88887
188711 88888
888881 1888 7
888188 1880 80
18 88 8 81 888
808118 881818
888018 888887
871888 881110
781788 878888
811810 18 7 8
881117 181817
808880

111111

111111

111111

1111 1

111111

111111

11 111 ,

11 1 1 111111

Θ (8 G)

n—---—-—

Qoeqeoco-oe—BF*

oeQQQQQ-C-Gfi
00000000

⁰ 18118 111118
111111 111111
111111 11 111
111111 111111

1 1111111 ni s'
1
{si 1111 1111111
1

2 188888 80810
3 8808081 80818
t 881718 1180
5 88711 0 11888
0 1101018 81880
7 811 788 81788
u 1878181 8810
9 81 118 18818
· 10 88188 0 88080

111111 111 111
1 111 1111111
1111 1111111
1111 111 111
1 Υ1111111
1 111111
1 1111111
11 1111111
11 11111
1 111111111
11 111111
1 111111111
1 11 1111111
11111 ,11111
1111 111111
11111 11111

80 818810 18880

ro 817 88 0 8380
10 08800 1110
1ο 38818 0 301 0
7⁰ 80110 0 838 80
so 7811 0 18810
00 31018 0 8730
100 181 10 0 8380
800 9800 8810
300 itt 0 0 38 0

180

880

180

10

800

880

8808
8018
81088
100181
800888
00888
100181
800888
00 8
10017
800 8
00 8
100
800
00

0
0
0
0
0
0
0
0
0
80 108 88 0 88110 g
0
0
0
0
0
0
0
0
0

1
1
1
1
8
8
8
8
8
0
8
8
8
1
1
8
8
0

1 8
1 13
1 88
8 8
8 80
8 88
8 81
8 88

(ti'iises 1117111111 prssbons. ut diximus. superimpositiones 8181111-
rum (1) et Θ, quas in procedentibus paginis 8 et ⁷ exposuimus, et cujus Tt-
81111 ultima forma irseo 111 qnae conspicitur, putoque respondet ultimis
coloniis habitis, rere 1811. qui 18 diem io lunii perveniunt, ot uitimi sunt

iliius anni.

 

